<!DOCTYPE html>
<!-- Generated by pkgdown: do not edit by hand --><html lang="en"><head><meta http-equiv="Content-Type" content="text/html; charset=UTF-8"><meta charset="utf-8"><meta http-equiv="X-UA-Compatible" content="IE=edge"><meta name="viewport" content="width=device-width, initial-scale=1, shrink-to-fit=no"><meta name="description" content="Compute the covariance matrices associated with all individuals in the
database, taking into account their specific inputs and hyper-parameters."><title>Compute a covariance matrix for multiple individuals — list_kern_to_cov • MagmaClustR</title><!-- favicons --><link rel="icon" type="image/png" sizes="16x16" href="../favicon-16x16.png"><link rel="icon" type="image/png" sizes="32x32" href="../favicon-32x32.png"><link rel="apple-touch-icon" type="image/png" sizes="180x180" href="../apple-touch-icon.png"><link rel="apple-touch-icon" type="image/png" sizes="120x120" href="../apple-touch-icon-120x120.png"><link rel="apple-touch-icon" type="image/png" sizes="76x76" href="../apple-touch-icon-76x76.png"><link rel="apple-touch-icon" type="image/png" sizes="60x60" href="../apple-touch-icon-60x60.png"><script src="../deps/jquery-3.6.0/jquery-3.6.0.min.js"></script><meta name="viewport" content="width=device-width, initial-scale=1, shrink-to-fit=no"><link href="../deps/bootstrap-5.1.0/bootstrap.min.css" rel="stylesheet"><script src="../deps/bootstrap-5.1.0/bootstrap.bundle.min.js"></script><!-- Font Awesome icons --><link rel="stylesheet" href="https://cdnjs.cloudflare.com/ajax/libs/font-awesome/5.12.1/css/all.min.css" integrity="sha256-mmgLkCYLUQbXn0B1SRqzHar6dCnv9oZFPEC1g1cwlkk=" crossorigin="anonymous"><link rel="stylesheet" href="https://cdnjs.cloudflare.com/ajax/libs/font-awesome/5.12.1/css/v4-shims.min.css" integrity="sha256-wZjR52fzng1pJHwx4aV2AO3yyTOXrcDW7jBpJtTwVxw=" crossorigin="anonymous"><!-- bootstrap-toc --><script src="https://cdn.rawgit.com/afeld/bootstrap-toc/v1.0.1/dist/bootstrap-toc.min.js"></script><!-- headroom.js --><script src="https://cdnjs.cloudflare.com/ajax/libs/headroom/0.11.0/headroom.min.js" integrity="sha256-AsUX4SJE1+yuDu5+mAVzJbuYNPHj/WroHuZ8Ir/CkE0=" crossorigin="anonymous"></script><script src="https://cdnjs.cloudflare.com/ajax/libs/headroom/0.11.0/jQuery.headroom.min.js" integrity="sha256-ZX/yNShbjqsohH1k95liqY9Gd8uOiE1S4vZc+9KQ1K4=" crossorigin="anonymous"></script><!-- clipboard.js --><script src="https://cdnjs.cloudflare.com/ajax/libs/clipboard.js/2.0.6/clipboard.min.js" integrity="sha256-inc5kl9MA1hkeYUt+EC3BhlIgyp/2jDIyBLS6k3UxPI=" crossorigin="anonymous"></script><!-- search --><script src="https://cdnjs.cloudflare.com/ajax/libs/fuse.js/6.4.6/fuse.js" integrity="sha512-zv6Ywkjyktsohkbp9bb45V6tEMoWhzFzXis+LrMehmJZZSys19Yxf1dopHx7WzIKxr5tK2dVcYmaCk2uqdjF4A==" crossorigin="anonymous"></script><script src="https://cdnjs.cloudflare.com/ajax/libs/autocomplete.js/0.38.0/autocomplete.jquery.min.js" integrity="sha512-GU9ayf+66Xx2TmpxqJpliWbT5PiGYxpaG8rfnBEk1LL8l1KGkRShhngwdXK1UgqhAzWpZHSiYPc09/NwDQIGyg==" crossorigin="anonymous"></script><script src="https://cdnjs.cloudflare.com/ajax/libs/mark.js/8.11.1/mark.min.js" integrity="sha512-5CYOlHXGh6QpOFA/TeTylKLWfB3ftPsde7AnmhuitiTX4K5SqCLBeKro6sPS8ilsz1Q4NRx3v8Ko2IBiszzdww==" crossorigin="anonymous"></script><!-- pkgdown --><script src="../pkgdown.js"></script><meta property="og:title" content="Compute a covariance matrix for multiple individuals — list_kern_to_cov"><meta property="og:description" content="Compute the covariance matrices associated with all individuals in the
database, taking into account their specific inputs and hyper-parameters."><meta property="og:image" content="https://arthurleroy.github.io/MagmaClustR/logo.png"><!-- mathjax --><script src="https://cdnjs.cloudflare.com/ajax/libs/mathjax/2.7.5/MathJax.js" integrity="sha256-nvJJv9wWKEm88qvoQl9ekL2J+k/RWIsaSScxxlsrv8k=" crossorigin="anonymous"></script><script src="https://cdnjs.cloudflare.com/ajax/libs/mathjax/2.7.5/config/TeX-AMS-MML_HTMLorMML.js" integrity="sha256-84DKXVJXs0/F8OTMzX4UR909+jtl4G7SPypPavF+GfA=" crossorigin="anonymous"></script><!--[if lt IE 9]>
<script src="https://oss.maxcdn.com/html5shiv/3.7.3/html5shiv.min.js"></script>
<script src="https://oss.maxcdn.com/respond/1.4.2/respond.min.js"></script>
<![endif]--></head><body>
    <a href="#main" class="visually-hidden-focusable">Skip to contents</a>
    

    <nav class="navbar fixed-top navbar-light navbar-expand-lg bg-light"><div class="container">
    
    <a class="navbar-brand me-2" href="../index.html">MagmaClustR</a>

    <small class="nav-text text-muted me-auto" data-bs-toggle="tooltip" data-bs-placement="bottom" title="">1.0.0</small>

    
    <button class="navbar-toggler" type="button" data-bs-toggle="collapse" data-bs-target="#navbar" aria-controls="navbar" aria-expanded="false" aria-label="Toggle navigation">
      <span class="navbar-toggler-icon"></span>
    </button>

    <div id="navbar" class="collapse navbar-collapse ms-3">
      <ul class="navbar-nav me-auto"><li class="active nav-item">
  <a class="nav-link" href="../reference/index.html">Reference</a>
</li>
      </ul><form class="form-inline my-2 my-lg-0" role="search">
        <input type="search" class="form-control me-sm-2" aria-label="Toggle navigation" name="search-input" data-search-index="../search.json" id="search-input" placeholder="Search for" autocomplete="off"></form>

      <ul class="navbar-nav"><li class="nav-item">
  <a class="external-link nav-link" href="https://github.com/ArthurLeroy/MagmaClustR/" aria-label="github">
    <span class="fab fa fab fa-github fa-lg"></span>
     
  </a>
</li>
      </ul></div>

    
  </div>
</nav><div class="container template-reference-topic">
<div class="row">
  <main id="main" class="col-md-9"><div class="page-header">
      <img src="../logo.png" class="logo" alt=""><h1>Compute a covariance matrix for multiple individuals</h1>
      <small class="dont-index">Source: <a href="https://github.com/ArthurLeroy/MagmaClustR/blob/HEAD/R/kernel-to-matrices.R" class="external-link"><code>R/kernel-to-matrices.R</code></a></small>
      <div class="d-none name"><code>list_kern_to_cov.Rd</code></div>
    </div>

    <div class="ref-description section level2">
    <p>Compute the covariance matrices associated with all individuals in the
database, taking into account their specific inputs and hyper-parameters.</p>
    </div>

    <div class="section level2">
    <h2 id="ref-usage">Usage<a class="anchor" aria-label="anchor" href="#ref-usage"></a></h2>
    <div class="sourceCode"><pre class="sourceCode r"><code><span class="fu">list_kern_to_cov</span><span class="op">(</span><span class="va">data</span>, <span class="va">kern</span>, <span class="va">hp</span>, deriv <span class="op">=</span> <span class="cn">NULL</span><span class="op">)</span></code></pre></div>
    </div>

    <div class="section level2">
    <h2 id="arguments">Arguments<a class="anchor" aria-label="anchor" href="#arguments"></a></h2>
    <dl><dt>data</dt>
<dd><p>A tibble or data frame of input data. Required column: 'ID'.
Suggested column: 'Input' (for indicating the reference input).</p></dd>
<dt>kern</dt>
<dd><p>A kernel function.</p></dd>
<dt>hp</dt>
<dd><p>A tibble or data frame, containing the hyper-parameters associated
with each individual.</p></dd>
<dt>deriv</dt>
<dd><p>A character, indicating according to which hyper-parameter the
derivative should be computed. If NULL (default), the function simply returns
the list of covariance matrices.</p></dd>
</dl></div>
    <div class="section level2">
    <h2 id="value">Value<a class="anchor" aria-label="anchor" href="#value"></a></h2>
    <p>A named list containing all of the inverse covariance matrices.</p>
    </div>

    <div class="section level2">
    <h2 id="ref-examples">Examples<a class="anchor" aria-label="anchor" href="#ref-examples"></a></h2>
    <div class="sourceCode"><pre class="sourceCode r"><code><span class="r-in"><span class="va">db</span> <span class="op">&lt;-</span> <span class="fu"><a href="simu_db.html">simu_db</a></span><span class="op">(</span>M <span class="op">=</span> <span class="fl">3</span><span class="op">)</span></span>
<span class="r-in"><span class="va">hp</span> <span class="op">&lt;-</span> <span class="fu">tibble</span><span class="fu">::</span><span class="fu"><a href="https://tibble.tidyverse.org/reference/tibble.html" class="external-link">tibble</a></span><span class="op">(</span>ID <span class="op">=</span> <span class="fu"><a href="https://rdrr.io/r/base/unique.html" class="external-link">unique</a></span><span class="op">(</span><span class="va">db</span><span class="op">$</span><span class="va">ID</span><span class="op">)</span>, <span class="fu"><a href="hp.html">hp</a></span><span class="op">(</span><span class="op">)</span><span class="op">)</span></span>
<span class="r-in"><span class="fu">MagmaClustR</span><span class="fu">:::</span><span class="fu">list_kern_to_cov</span><span class="op">(</span><span class="va">db</span>, <span class="st">"SE"</span>, <span class="va">hp</span><span class="op">)</span></span>
<span class="r-out co"><span class="r-pr">#&gt;</span> $`1`</span>
<span class="r-out co"><span class="r-pr">#&gt;</span>              0.05         0.45          0.9          3.4          5.7</span>
<span class="r-out co"><span class="r-pr">#&gt;</span> 0.05 1.331152e+01 1.267651e+01 1.067508e+01 4.318154e-01 7.743806e-04</span>
<span class="r-out co"><span class="r-pr">#&gt;</span> 0.45 1.267651e+01 1.331152e+01 1.251299e+01 9.324715e-01 2.933671e-03</span>
<span class="r-out co"><span class="r-pr">#&gt;</span> 0.9  1.067508e+01 1.251299e+01 1.331152e+01 1.972503e+00 1.167959e-02</span>
<span class="r-out co"><span class="r-pr">#&gt;</span> 3.4  4.318154e-01 9.324715e-01 1.972503e+00 1.331152e+01 2.644748e+00</span>
<span class="r-out co"><span class="r-pr">#&gt;</span> 5.7  7.743806e-04 2.933671e-03 1.167959e-02 2.644748e+00 1.331152e+01</span>
<span class="r-out co"><span class="r-pr">#&gt;</span> 7.25 1.763713e-06 9.758884e-06 5.949716e-05 1.437716e-01 6.389683e+00</span>
<span class="r-out co"><span class="r-pr">#&gt;</span> 7.65 2.890682e-07 1.763713e-06 1.200291e-05 5.343313e-02 4.166163e+00</span>
<span class="r-out co"><span class="r-pr">#&gt;</span> 8.8  9.255605e-10 7.479839e-09 6.983417e-08 1.800799e-03 7.066987e-01</span>
<span class="r-out co"><span class="r-pr">#&gt;</span> 9.4  3.354049e-11 3.138631e-10 3.455888e-09 2.228322e-04 2.032011e-01</span>
<span class="r-out co"><span class="r-pr">#&gt;</span> 9.7  5.879358e-12 5.920282e-11 7.079192e-10 7.217923e-05 1.003344e-01</span>
<span class="r-out co"><span class="r-pr">#&gt;</span>              7.25         7.65          8.8          9.4          9.7</span>
<span class="r-out co"><span class="r-pr">#&gt;</span> 0.05 1.763713e-06 2.890682e-07 9.255605e-10 3.354049e-11 5.879358e-12</span>
<span class="r-out co"><span class="r-pr">#&gt;</span> 0.45 9.758884e-06 1.763713e-06 7.479839e-09 3.138631e-10 5.920282e-11</span>
<span class="r-out co"><span class="r-pr">#&gt;</span> 0.9  5.949716e-05 1.200291e-05 6.983417e-08 3.455888e-09 7.079192e-10</span>
<span class="r-out co"><span class="r-pr">#&gt;</span> 3.4  1.437716e-01 5.343313e-02 1.800799e-03 2.228322e-04 7.217923e-05</span>
<span class="r-out co"><span class="r-pr">#&gt;</span> 5.7  6.389683e+00 4.166163e+00 7.066987e-01 2.032011e-01 1.003344e-01</span>
<span class="r-out co"><span class="r-pr">#&gt;</span> 7.25 1.331152e+01 1.267651e+01 6.389683e+00 3.242977e+00 2.127425e+00</span>
<span class="r-out co"><span class="r-pr">#&gt;</span> 7.65 1.267651e+01 1.331152e+01 8.887237e+00 5.222936e+00 3.686946e+00</span>
<span class="r-out co"><span class="r-pr">#&gt;</span> 8.8  6.389683e+00 8.887237e+00 1.331152e+01 1.192518e+01 1.039350e+01</span>
<span class="r-out co"><span class="r-pr">#&gt;</span> 9.4  3.242977e+00 5.222936e+00 1.192518e+01 1.331152e+01 1.295051e+01</span>
<span class="r-out co"><span class="r-pr">#&gt;</span> 9.7  2.127425e+00 3.686946e+00 1.039350e+01 1.295051e+01 1.331152e+01</span>
<span class="r-out co"><span class="r-pr">#&gt;</span> </span>
<span class="r-out co"><span class="r-pr">#&gt;</span> $`2`</span>
<span class="r-out co"><span class="r-pr">#&gt;</span>              0.05         0.45          0.9          3.4          5.7</span>
<span class="r-out co"><span class="r-pr">#&gt;</span> 0.05 1.331152e+01 1.267651e+01 1.067508e+01 4.318154e-01 7.743806e-04</span>
<span class="r-out co"><span class="r-pr">#&gt;</span> 0.45 1.267651e+01 1.331152e+01 1.251299e+01 9.324715e-01 2.933671e-03</span>
<span class="r-out co"><span class="r-pr">#&gt;</span> 0.9  1.067508e+01 1.251299e+01 1.331152e+01 1.972503e+00 1.167959e-02</span>
<span class="r-out co"><span class="r-pr">#&gt;</span> 3.4  4.318154e-01 9.324715e-01 1.972503e+00 1.331152e+01 2.644748e+00</span>
<span class="r-out co"><span class="r-pr">#&gt;</span> 5.7  7.743806e-04 2.933671e-03 1.167959e-02 2.644748e+00 1.331152e+01</span>
<span class="r-out co"><span class="r-pr">#&gt;</span> 7.25 1.763713e-06 9.758884e-06 5.949716e-05 1.437716e-01 6.389683e+00</span>
<span class="r-out co"><span class="r-pr">#&gt;</span> 7.65 2.890682e-07 1.763713e-06 1.200291e-05 5.343313e-02 4.166163e+00</span>
<span class="r-out co"><span class="r-pr">#&gt;</span> 8.8  9.255605e-10 7.479839e-09 6.983417e-08 1.800799e-03 7.066987e-01</span>
<span class="r-out co"><span class="r-pr">#&gt;</span> 9.4  3.354049e-11 3.138631e-10 3.455888e-09 2.228322e-04 2.032011e-01</span>
<span class="r-out co"><span class="r-pr">#&gt;</span> 9.7  5.879358e-12 5.920282e-11 7.079192e-10 7.217923e-05 1.003344e-01</span>
<span class="r-out co"><span class="r-pr">#&gt;</span>              7.25         7.65          8.8          9.4          9.7</span>
<span class="r-out co"><span class="r-pr">#&gt;</span> 0.05 1.763713e-06 2.890682e-07 9.255605e-10 3.354049e-11 5.879358e-12</span>
<span class="r-out co"><span class="r-pr">#&gt;</span> 0.45 9.758884e-06 1.763713e-06 7.479839e-09 3.138631e-10 5.920282e-11</span>
<span class="r-out co"><span class="r-pr">#&gt;</span> 0.9  5.949716e-05 1.200291e-05 6.983417e-08 3.455888e-09 7.079192e-10</span>
<span class="r-out co"><span class="r-pr">#&gt;</span> 3.4  1.437716e-01 5.343313e-02 1.800799e-03 2.228322e-04 7.217923e-05</span>
<span class="r-out co"><span class="r-pr">#&gt;</span> 5.7  6.389683e+00 4.166163e+00 7.066987e-01 2.032011e-01 1.003344e-01</span>
<span class="r-out co"><span class="r-pr">#&gt;</span> 7.25 1.331152e+01 1.267651e+01 6.389683e+00 3.242977e+00 2.127425e+00</span>
<span class="r-out co"><span class="r-pr">#&gt;</span> 7.65 1.267651e+01 1.331152e+01 8.887237e+00 5.222936e+00 3.686946e+00</span>
<span class="r-out co"><span class="r-pr">#&gt;</span> 8.8  6.389683e+00 8.887237e+00 1.331152e+01 1.192518e+01 1.039350e+01</span>
<span class="r-out co"><span class="r-pr">#&gt;</span> 9.4  3.242977e+00 5.222936e+00 1.192518e+01 1.331152e+01 1.295051e+01</span>
<span class="r-out co"><span class="r-pr">#&gt;</span> 9.7  2.127425e+00 3.686946e+00 1.039350e+01 1.295051e+01 1.331152e+01</span>
<span class="r-out co"><span class="r-pr">#&gt;</span> </span>
<span class="r-out co"><span class="r-pr">#&gt;</span> $`3`</span>
<span class="r-out co"><span class="r-pr">#&gt;</span>              0.05         0.45          0.9          3.4          5.7</span>
<span class="r-out co"><span class="r-pr">#&gt;</span> 0.05 1.331152e+01 1.267651e+01 1.067508e+01 4.318154e-01 7.743806e-04</span>
<span class="r-out co"><span class="r-pr">#&gt;</span> 0.45 1.267651e+01 1.331152e+01 1.251299e+01 9.324715e-01 2.933671e-03</span>
<span class="r-out co"><span class="r-pr">#&gt;</span> 0.9  1.067508e+01 1.251299e+01 1.331152e+01 1.972503e+00 1.167959e-02</span>
<span class="r-out co"><span class="r-pr">#&gt;</span> 3.4  4.318154e-01 9.324715e-01 1.972503e+00 1.331152e+01 2.644748e+00</span>
<span class="r-out co"><span class="r-pr">#&gt;</span> 5.7  7.743806e-04 2.933671e-03 1.167959e-02 2.644748e+00 1.331152e+01</span>
<span class="r-out co"><span class="r-pr">#&gt;</span> 7.25 1.763713e-06 9.758884e-06 5.949716e-05 1.437716e-01 6.389683e+00</span>
<span class="r-out co"><span class="r-pr">#&gt;</span> 7.65 2.890682e-07 1.763713e-06 1.200291e-05 5.343313e-02 4.166163e+00</span>
<span class="r-out co"><span class="r-pr">#&gt;</span> 8.8  9.255605e-10 7.479839e-09 6.983417e-08 1.800799e-03 7.066987e-01</span>
<span class="r-out co"><span class="r-pr">#&gt;</span> 9.4  3.354049e-11 3.138631e-10 3.455888e-09 2.228322e-04 2.032011e-01</span>
<span class="r-out co"><span class="r-pr">#&gt;</span> 9.7  5.879358e-12 5.920282e-11 7.079192e-10 7.217923e-05 1.003344e-01</span>
<span class="r-out co"><span class="r-pr">#&gt;</span>              7.25         7.65          8.8          9.4          9.7</span>
<span class="r-out co"><span class="r-pr">#&gt;</span> 0.05 1.763713e-06 2.890682e-07 9.255605e-10 3.354049e-11 5.879358e-12</span>
<span class="r-out co"><span class="r-pr">#&gt;</span> 0.45 9.758884e-06 1.763713e-06 7.479839e-09 3.138631e-10 5.920282e-11</span>
<span class="r-out co"><span class="r-pr">#&gt;</span> 0.9  5.949716e-05 1.200291e-05 6.983417e-08 3.455888e-09 7.079192e-10</span>
<span class="r-out co"><span class="r-pr">#&gt;</span> 3.4  1.437716e-01 5.343313e-02 1.800799e-03 2.228322e-04 7.217923e-05</span>
<span class="r-out co"><span class="r-pr">#&gt;</span> 5.7  6.389683e+00 4.166163e+00 7.066987e-01 2.032011e-01 1.003344e-01</span>
<span class="r-out co"><span class="r-pr">#&gt;</span> 7.25 1.331152e+01 1.267651e+01 6.389683e+00 3.242977e+00 2.127425e+00</span>
<span class="r-out co"><span class="r-pr">#&gt;</span> 7.65 1.267651e+01 1.331152e+01 8.887237e+00 5.222936e+00 3.686946e+00</span>
<span class="r-out co"><span class="r-pr">#&gt;</span> 8.8  6.389683e+00 8.887237e+00 1.331152e+01 1.192518e+01 1.039350e+01</span>
<span class="r-out co"><span class="r-pr">#&gt;</span> 9.4  3.242977e+00 5.222936e+00 1.192518e+01 1.331152e+01 1.295051e+01</span>
<span class="r-out co"><span class="r-pr">#&gt;</span> 9.7  2.127425e+00 3.686946e+00 1.039350e+01 1.295051e+01 1.331152e+01</span>
<span class="r-out co"><span class="r-pr">#&gt;</span> </span>
</code></pre></div>
    </div>
  </main><aside class="col-md-3"><nav id="toc"><h2>On this page</h2>
    </nav></aside></div>


    <footer><div class="pkgdown-footer-left">
  <p></p><p>Developed by Arthur Leroy, Pierre Latouche.</p>
</div>

<div class="pkgdown-footer-right">
  <p></p><p>Site built with <a href="https://pkgdown.r-lib.org/" class="external-link">pkgdown</a> 2.0.3.</p>
</div>

    </footer></div>

  

  

  </body></html>

